camera_matrix:
- - 616.0735892347366
  - 0.0
  - 316.3297227951963
- - 0.0
  - 619.9302745074675
  - 229.46987964206147
- - 0.0
  - 0.0
  - 1.0
dist_coeff:
- - -0.19238902125793103
  - 0.43338236601956026
  - -0.0030025189568120008
  - -0.00233198624062988
  - 0.01688757674729126